[[{"__ndarray__": [[702.6025198051547, 0.0, 0.0, 0.0, 0.0, 0.0, 0.0], [0.0, 271.00244067903344, 0.0, 0.0, 0.0, 0.0, 0.0], [0.0, 0.0, 214.61595059855847, 0.0, 0.0, 0.0, 0.0], [0.0, 0.0, 0.0, 162.79673438407104, 0.0, 0.0, 0.0], [0.0, 0.0, 0.0, 0.0, 134.73545915851852, 0.0, 0.0], [0.0, 0.0, 0.0, 0.0, 0.0, 57.70072857777052, 0.0], [0.0, 0.0, 0.0, 0.0, 0.0, 0.0, 3.546166796893819]], "dtype": "float64", "shape": [7, 7], "Corder": true}, {"__ndarray__": [[0.4249089679523817, 0.5246787493488356, 0.6397418497094306, 0.09463785955713647, 0.2719717884069974, 0.04270656297081939, 0.22393328469457804], [-0.3771687151615827, -0.5202166219727206, 0.5642787457869569, -0.17953799080794539, 0.42255671542879286, -0.2299593652859913, -0.07098271620395696], [-0.48383549500183076, 0.3465355445708034, -0.011304245255360765, 0.2618386110244419, 0.32190172733152966, 0.5111638558361321, -0.4606732859294794], [-0.06971717445738489, 0.1309227063720072, -0.1261005363984308, 0.6571127875983892, 0.1424832679862001, -0.70200672548837, -0.13109262126328525], [0.4575114700992097, -0.5384205023563065, -0.11025160141701552, 0.4870091669218804, 0.31708595456787286, 0.38598931854288415, 0.043840808337242576], [0.03769643270768453, -0.16282768943949041, 0.48650548731497795, 0.30740322779744284, -0.6977332447119499, 0.09570901445928179, -0.3806440497893123], [-0.4769707457567911, -0.02120716163136349, 0.08630021286236494, 0.35605959953401656, -0.19020983539553024, 0.18178267292113304, 0.7540545584848565]], "dtype": "float64", "shape": [7, 7], "Corder": false}, {"__ndarray__": [[301.0, 0.0, 0.0, 0.0, 0.0, 0.0, 0.0], [0.0, 242.74086378737542, 0.0, 0.0, 0.0, 0.0, 0.0], [0.0, 0.0, 203.71704646547596, 0.0, 0.0, 0.0, 0.0], [0.0, 0.0, 0.0, 97.72373003857817, 0.0, 0.0, 0.0], [0.0, 0.0, 0.0, 0.0, 167.03350203746896, 0.0, 0.0], [0.0, 0.0, 0.0, 0.0, 0.0, 122.53196747108773, 0.0], [0.0, 0.0, 0.0, 0.0, 0.0, 0.0, 6.160602172160948]], "dtype": "float64", "shape": [7, 7], "Corder": true}, {"__ndarray__": [[1.0, 0.0, 0.0, 0.0, 0.0, 0.0, 0.0], [-0.3222591362126246, 1.0, 0.0, 0.0, 0.0, 0.0, 0.0], [-0.26578073089701, 0.23160199822076233, 1.0, 0.0, 0.0, 0.0, 0.0], [-0.019933554817275746, -0.07799904194894956, 0.25913572604572266, 1.0, 0.0, 0.0, 0.0], [0.2159468438538206, -0.16088414425511532, -0.656201657204305, 0.377499887829953, 1.0, 0.0, 0.0], [0.11295681063122924, 0.1357695202901526, -0.20418673384667868, 0.09237707843067179, -0.07030561011194729, 1.0, 0.0], [-0.4451827242524917, 0.2999794703346335, 0.5817910555254946, 0.1974507048255362, -0.10092918848600965, 0.4854446493912165, 1.0]], "dtype": "float64", "shape": [7, 7], "Corder": true}, "+"], [{"__ndarray__": [[867.3037513993048, 0.0, 0.0, 0.0, 0.0, 0.0], [0.0, 264.69425205495645, 0.0, 0.0, 0.0, 0.0], [0.0, 0.0, 112.6912944999582, 0.0, 0.0, 0.0], [0.0, 0.0, 0.0, 51.93934567161574, 0.0, 0.0], [0.0, 0.0, 0.0, 0.0, 39.98730747792877, 0.0], [0.0, 0.0, 0.0, 0.0, 0.0, 0.3840488962365068]], "dtype": "float64", "shape": [6, 6], "Corder": true}, {"__ndarray__": [[0.21506057523412891, 0.5640260902514754, 0.7569067753995444, 0.0608262917222156, 0.21925028292130028, 0.10461896350144834], [-0.5101628493599649, -0.270734458090253, 0.5289442611217039, -0.019183956625866035, -0.39478603356728115, -0.48003192859465565], [0.4337113070375343, 0.39997840270628904, -0.16103358620600952, -0.2661271857773708, -0.687061487612353, -0.2882755571672161], [-0.24385443567247062, 0.3393759230628311, -0.18242667333865326, 0.8488229251562018, -0.26299669908759915, 0.049110934637819195], [0.5413511645935037, -0.28348070181055024, 0.03146613148474646, 0.39773692028031876, 0.2774336501591915, -0.6248387014813619], [0.3909619534645277, -0.5030480838180248, 0.29514179222585085, 0.21543779382669545, -0.42176192266184775, 0.5316823641758248]], "dtype": "float64", "shape": [6, 6], "Corder": false}, {"__ndarray__": [[191.0, 0.0, 0.0, 0.0, 0.0, 0.0], [0.0, 236.73821989528795, 0.0, 0.0, 0.0, 0.0], [0.0, 0.0, 47.5488422495964, 0.0, 0.0, 0.0], [0.0, 0.0, 0.0, 103.98288338319342, 0.0, 0.0], [0.0, 0.0, 0.0, 0.0, 79.88178994836053, 0.0], [0.0, 0.0, 0.0, 0.0, 0.0, -1.1554733280638825]], "dtype": "float64", "shape": [6, 6], "Corder": true}, {"__ndarray__": [[1.0, 0.0, 0.0, 0.0, 0.0, 0.0], [-0.49214659685863876, 1.0, 0.0, 0.0, 0.0, 0.0], [0.6282722513089005, -0.6756087312294048, 1.0, 0.0, 0.0, 0.0], [-0.05235602094240838, 0.3002410597784019, -0.056699578049651846, 1.0, 0.0, 0.0], [0.10471204188481675, -0.4357431939314859, 0.31001257665059234, -0.8380715712021347, 1.0, 0.0], [0.3403141361256545, -0.802618484198421, -0.19370460498898626, -0.6353943911123456, 0.8588811697584516, 1.0]], "dtype": "float64", "shape": [6, 6], "Corder": true}, "+"], [{"__ndarray__": [[363.2552518637997, 0.0, 0.0, 0.0, 0.0], [0.0, 293.66377520286596, 0.0, 0.0, 0.0], [0.0, 0.0, 169.59778060627835, 0.0, 0.0], [0.0, 0.0, 0.0, 102.30775325587102, 0.0], [0.0, 0.0, 0.0, 0.0, 51.17543907118492]], "dtype": "float64", "shape": [5, 5], "Corder": true}, {"__ndarray__": [[0.26928256480148166, 0.1335399080750271, 0.6912620813459496, 0.2113072347780345, 0.6222218098628299], [0.03356919924230439, 0.5698666738860244, -0.16108289037383575, -0.7485717358849752, 0.2963405836521139], [0.7336107355071937, 0.07217805438661264, 0.28338893302368434, -0.20238088859641004, -0.5790840230779838], [0.16342548171559293, 0.715653278422374, -0.3216095465080745, 0.5941114647508169, -0.0687849115420233], [-0.6012215979410481, 0.3742322547478559, 0.558987521825528, -0.03260601397260103, -0.4300611677095734]], "dtype": "float64", "shape": [5, 5], "Corder": false}, {"__ndarray__": [[137.0, 0.0, 0.0, 0.0, 0.0], [0.0, 162.0, 0.0, 0.0, 0.0], [0.0, 0.0, 176.7936379201586, 0.0, 0.0], [0.0, 0.0, 0.0, 167.50925158992987, 0.0], [0.0, 0.0, 0.0, 0.0, 144.11578664208108]], "dtype": "float64", "shape": [5, 5], "Corder": true}, {"__ndarray__": [[1.0, 0.0, 0.0, 0.0, 0.0], [0.0, 1.0, 0.0, 0.0, 0.0], [0.6204379562043796, 0.12345679012345678, 1.0, 0.0, 0.0], [0.12408759124087591, 0.5185185185185185, 0.06834060612300759, 1.0, 0.0], [0.051094890510948905, 0.2222222222222222, -0.6832118596508755, 0.004294758902748025, 1.0]], "dtype": "float64", "shape": [5, 5], "Corder": true}, "+"], [{"__ndarray__": [[601.0976461739278, 0.0, 0.0, 0.0], [0.0, 205.65365676710053, 0.0, 0.0], [0.0, 0.0, 53.72017155852936, 0.0], [0.0, 0.0, 0.0, 1.5285255004424994]], "dtype": "float64", "shape": [4, 4], "Corder": true}, {"__ndarray__": [[0.5473129386769368, 0.3689722337805054, 0.6792466570004058, 0.3208301993416652], [-0.4355513948756131, 0.5969253155502863, 0.30940466583318665, -0.5985347966808223], [-0.573322486187315, 0.3573926094920873, -0.0784372182222434, 0.7330889798039448], [-0.42666714943937273, -0.6162874175534102, 0.6608633251376438, 0.037478367662495626]], "dtype": "float64", "shape": [4, 4], "Corder": false}, {"__ndarray__": [[233.0, 0.0, 0.0, 0.0], [0.0, 160.51502145922746, 0.0, 0.0], [0.0, 0.0, -4.436363636363641, 0.0], [0.0, 0.0, 0.0, 61.17765188042406]], "dtype": "float64", "shape": [4, 4], "Corder": true}, {"__ndarray__": [[1.0, 0.0, 0.0, 0.0], [-0.37339055793991416, 1.0, 0.0, 0.0], [-0.6995708154506438, -0.08636363636363638, 1.0, 0.0], [-0.703862660944206, 0.8146524064171123, -0.6851012536161981, 1.0]], "dtype": "float64", "shape": [4, 4], "Corder": true}, "+"], [{"__ndarray__": [[316.2794191212094, 0.0, 0.0, 0.0, 0.0], [0.0, 267.47049422898846, 0.0, 0.0, 0.0], [0.0, 0.0, 95.91180201380622, 0.0, 0.0], [0.0, 0.0, 0.0, 40.57951092290086, 0.0], [0.0, 0.0, 0.0, 0.0, 1.7587737130955832]], "dtype": "float64", "shape": [5, 5], "Corder": true}, {"__ndarray__": [[0.20990603133045208, 0.8773455097580872, 0.22202067230945474, 0.17687697543325984, 0.32500103253260804], [-0.5318139287061004, 0.11143900611980218, -0.3807507660148186, 0.7413755195266534, -0.1007297690602279], [0.7204634069519761, -0.21575319673774535, 0.1321652373335008, 0.5780227962014078, -0.2877586392320508], [-0.21470952078846983, 0.2977019405170058, 0.36547407788514247, -0.12602275188124282, -0.8460616648315175], [0.32855091564507927, 0.2875244635369413, -0.8091333163830122, -0.2628398517880257, -0.2925789933123223]], "dtype": "float64", "shape": [5, 5], "Corder": false}, {"__ndarray__": [[226.0, 0.0, 0.0, 0.0, 0.0], [0.0, 128.36283185840708, 0.0, 0.0, 0.0], [0.0, 0.0, 89.28114443295416, 0.0, 0.0], [0.0, 0.0, 0.0, -30.982424250380106, 0.0], [0.0, 0.0, 0.0, 0.0, 7.216269829797184]], "dtype": "float64", "shape": [5, 5], "Corder": true}, {"__ndarray__": [[1.0, 0.0, 0.0, 0.0, 0.0], [-0.05309734513274336, 1.0, 0.0, 0.0, 0.0], [0.017699115044247787, -0.8942433643571183, 1.0, 0.0, 0.0], [0.30973451327433627, -0.16580489486384006, 0.2433740559047986, 1.0, 0.0], [0.2743362831858407, 0.24377800758359186, -0.41570535812877446, -0.41746512071195574, 1.0]], "dtype": "float64", "shape": [5, 5], "Corder": true}, "+"], [{"__ndarray__": [[721.3772264024985, 0.0, 0.0, 0.0, 0.0, 0.0], [0.0, 311.1231444580338, 0.0, 0.0, 0.0, 0.0], [0.0, 0.0, 173.04183000206922, 0.0, 0.0, 0.0], [0.0, 0.0, 0.0, 79.76392394843484, 0.0, 0.0], [0.0, 0.0, 0.0, 0.0, 54.113872772955645, 0.0], [0.0, 0.0, 0.0, 0.0, 0.0, 18.580002416007588]], "dtype": "float64", "shape": [6, 6], "Corder": true}, {"__ndarray__": [[0.041853737360316966, 0.417759724838802, 0.03685636381937242, 0.5177547805143453, 0.7219744460309887, 0.1817954123469162], [0.5260940480482805, 0.19969008377409492, -0.5522146643417485, -0.4990826307574872, 0.1588104673574826, 0.32265097345317595], [0.34153233413040884, 0.19530489921042943, 0.4612732477477235, 0.1899266501492761, -0.4504989272495079, 0.6272298112416397], [0.5213782280883503, -0.15292204334770249, 0.6112734062848366, -0.30790030087806913, 0.3362629001193311, -0.3510684853775397], [-0.5146417201042969, -0.20596826733510132, 0.26942598950017543, -0.47100516480098203, 0.3389958951237411, 0.5323218263240492], [0.26103184714536987, -0.8256201309310757, -0.18623110050417457, 0.3607297075980812, 0.15030600911333397, 0.2506270796678972]], "dtype": "float64", "shape": [6, 6], "Corder": false}, {"__ndarray__": [[106.0, 0.0, 0.0, 0.0, 0.0, 0.0], [0.0, 282.10377358490564, 0.0, 0.0, 0.0, 0.0], [0.0, 0.0, 120.69671939270309, 0.0, 0.0, 0.0], [0.0, 0.0, 0.0, 112.26992176092504, 0.0, 0.0], [0.0, 0.0, 0.0, 0.0, 60.84244981455362, 0.0], [0.0, 0.0, 0.0, 0.0, 0.0, 126.33578998345817]], "dtype": "float64", "shape": [6, 6], "Corder": true}, {"__ndarray__": [[1.0, 0.0, 0.0, 0.0, 0.0, 0.0], [0.2358490566037736, 1.0, 0.0, 0.0, 0.0, 0.0], [0.29245283018867924, 0.2931144032371334, 1.0, 0.0, 0.0, 0.0], [-0.009433962264150943, 0.5077416981573756, 0.9056415365868388, 1.0, 0.0, 0.0], [-0.4245283018867924, -0.7032404775440592, -0.46140107735965424, 0.08675101984697439, 1.0, 0.0], [-0.7452830188679245, 0.25746580610641073, 0.04817252827085493, 0.5977624432110638, -0.7658984355631978, 1.0]], "dtype": "float64", "shape": [6, 6], "Corder": true}, "+"], [{"__ndarray__": [[567.6658375338542, 0.0, 0.0, 0.0, 0.0, 0.0], [0.0, 443.85172406733983, 0.0, 0.0, 0.0, 0.0], [0.0, 0.0, 193.73252251608565, 0.0, 0.0, 0.0], [0.0, 0.0, 0.0, 144.76901003814731, 0.0, 0.0], [0.0, 0.0, 0.0, 0.0, 23.67902573943371, 0.0], [0.0, 0.0, 0.0, 0.0, 0.0, 0.3018801051388371]], "dtype": "float64", "shape": [6, 6], "Corder": true}, {"__ndarray__": [[0.21593734995968344, 0.5057807825654808, 0.6486171767671656, 0.435743280787977, 0.2902056590516285, 0.052546052039821184], [-0.15816648843832026, -0.5547030904900317, 0.6198542654203991, 0.02887905621324821, -0.2604695627570107, -0.4630228287735283], [0.5102924275844185, -0.4737128724415942, 0.24084365150490947, -0.2869844511790541, 0.2362496757383145, 0.5648168763926196], [-0.27519030301547864, 0.4062765460100431, 0.34850122418910023, -0.7834512049993558, -0.1229056502216686, 0.0941008637353719], [-0.62712737315584, -0.20928182648030813, 0.022642244584702372, 0.014005467172933442, 0.7458857516842176, 0.07653754652212509], [0.4460242326851601, 0.05680564354540531, -0.12290243557951379, -0.3360681097875021, 0.4697563406950268, -0.6701624430004292]], "dtype": "float64", "shape": [6, 6], "Corder": false}, {"__ndarray__": [[251.0, 0.0, 0.0, 0.0, 0.0, 0.0], [0.0, 209.64541832669323, 0.0, 0.0, 0.0, 0.0], [0.0, 0.0, 230.53672488170122, 0.0, 0.0, 0.0], [0.0, 0.0, 0.0, 171.6890422636151, 0.0, 0.0], [0.0, 0.0, 0.0, 0.0, 36.33754196092982, 0.0], [0.0, 0.0, 0.0, 0.0, 0.0, 0.6674362488170404]], "dtype": "float64", "shape": [6, 6], "Corder": true}, {"__ndarray__": [[1.0, 0.0, 0.0, 0.0, 0.0, 0.0], [-0.26294820717131473, 1.0, 0.0, 0.0, 0.0, 0.0], [-0.11952191235059761, 0.42505843674578586, 1.0, 0.0, 0.0, 0.0], [0.20318725099601592, -0.10775165808327472, -0.43942007438253816, 1.0, 0.0, 0.0], [-0.4581673306772908, 0.36137663670397746, -0.7762227628174359, 0.06346720363174799, 1.0, 0.0], [0.13545816733067728, -0.3055624180460272, 0.6909653416478492, 0.1466929972453229, 0.1039062192404202, 1.0]], "dtype": "float64", "shape": [6, 6], "Corder": true}, "+"], [{"__ndarray__": [[183.6933119762388, 0.0, 0.0], [0.0, 106.06936793615867, 0.0], [0.0, 0.0, 0.23732008760247603]], "dtype": "float64", "shape": [3, 3], "Corder": true}, {"__ndarray__": [[0.3597155473647414, 0.8803650157115449, 0.30913130558921936], [0.684559134501749, -0.47413344322540296, 0.5536932990252276], [-0.6340217002235023, -0.012446570870502572, 0.7732150842548693]], "dtype": "float64", "shape": [3, 3], "Corder": false}, {"__ndarray__": [[106.0, 0.0, 0.0], [0.0, 109.99056603773585, 0.0], [0.0, 0.0, 0.3966034822883491]], "dtype": "float64", "shape": [3, 3], "Corder": true}, {"__ndarray__": [[1.0, 0.0, 0.0], [0.009433962264150943, 1.0, 0.0], [-0.40566037735849053, -0.7145552791834635, 1.0]], "dtype": "float64", "shape": [3, 3], "Corder": true}, "+"], [{"__ndarray__": [[767.9310844898005, 0.0, 0.0, 0.0, 0.0, 0.0, 0.0], [0.0, 405.69609736284855, 0.0, 0.0, 0.0, 0.0, 0.0], [0.0, 0.0, 237.38759247252895, 0.0, 0.0, 0.0, 0.0], [0.0, 0.0, 0.0, 169.91139144722376, 0.0, 0.0, 0.0], [0.0, 0.0, 0.0, 0.0, 37.70653421888845, 0.0, 0.0], [0.0, 0.0, 0.0, 0.0, 0.0, 11.223757308979252, 0.0], [0.0, 0.0, 0.0, 0.0, 0.0, 0.0, 0.14354269973071104]], "dtype": "float64", "shape": [7, 7], "Corder": true}, {"__ndarray__": [[0.33446523983193205, 0.1773430659339744, 0.05682104653003328, 0.22575802844472537, 0.656383708869154, 0.4852855162574584, 0.36897901839426306], [0.5852651117405887, 0.19028838046051424, 0.16788515130143913, -0.22314473143545266, 0.12490729283643448, -0.7013979744557, 0.18898448526743647], [-0.22745792873693899, 0.11357838687447255, -0.8604070546076547, -0.19104722916678513, 0.210634254256037, -0.1916437077045992, 0.278333249055884], [0.06864448898575155, -0.31187186618923696, -0.007602459110951648, 0.3556797301601424, -0.46991305103670117, -0.026178426058911942, 0.741589117945145], [0.3927410833572543, -0.624667803963022, -0.3305319748490673, 0.39155566619189464, 0.16891777703532548, -0.11975218332363041, -0.3874319930019325], [-0.5404452309344808, -0.4193215140204318, 0.3445023820539306, 0.01591618884226591, 0.5094686486562732, -0.3480677588157115, 0.1801214458110187], [0.2069347020525496, -0.506098074401707, 0.017163041750031333, -0.7633239563985994, -0.016793182087460008, 0.31564929638558775, 0.1347896379023368]], "dtype": "float64", "shape": [7, 7], "Corder": false}, {"__ndarray__": [[157.0, 0.0, 0.0, 0.0, 0.0, 0.0, 0.0], [0.0, 101.94904458598727, 0.0, 0.0, 0.0, 0.0, 0.0], [0.0, 0.0, 182.8308759215294, 0.0, 0.0, 0.0, 0.0], [0.0, 0.0, 0.0, 133.0053574522338, 0.0, 0.0, 0.0], [0.0, 0.0, 0.0, 0.0, 44.42937595887973, 0.0, 0.0], [0.0, 0.0, 0.0, 0.0, 0.0, 30.66436473333526, 0.0], [0.0, 0.0, 0.0, 0.0, 0.0, 0.0, 1.439573724279436]], "dtype": "float64", "shape": [7, 7], "Corder": true}, {"__ndarray__": [[1.0, 0.0, 0.0, 0.0, 0.0, 0.0, 0.0], [-0.07006369426751592, 1.0, 0.0, 0.0, 0.0, 0.0, 0.0], [-0.4140127388535032, 0.05679120329876302, 1.0, 0.0, 0.0, 0.0, 0.0], [0.445859872611465, -0.30713482444083473, -0.015894663426725953, 1.0, 0.0, 0.0, 0.0], [0.8089171974522293, -0.8324378358115707, -0.04865173519191384, 0.193152393765097, 1.0, 0.0, 0.0], [-0.9745222929936306, 0.3372485318005748, -0.492546621418669, -0.18547340662241665, 0.6530633393355965, 1.0, 0.0], [-0.019108280254777073, -0.0322379107834562, -0.23944852208744494, 0.47281297967592234, -0.6662726216575122, -0.22954435145432078, 1.0]], "dtype": "float64", "shape": [7, 7], "Corder": true}, "+"], [{"__ndarray__": [[241.70765170653812, 0.0, 0.0, 0.0, 0.0], [0.0, 225.5504105552312, 0.0, 0.0, 0.0], [0.0, 0.0, 90.85106990265224, 0.0, 0.0], [0.0, 0.0, 0.0, 42.25925141648668, 0.0], [0.0, 0.0, 0.0, 0.0, 1.6316164190916402]], "dtype": "float64", "shape": [5, 5], "Corder": true}, {"__ndarray__": [[0.2555130579760497, 0.4459864843888041, 0.13226594121993573, 0.7620840460806326, 0.37086757805019793], [-0.13952004337520846, -0.2631873430563292, 0.9538248695143943, 0.018922113524600492, 0.03356563521133643], [0.47615203920914956, 0.6423878965563931, 0.26104325606082673, -0.5310045257891027, -0.10250677036895231], [-0.5864228175475608, 0.2981432804822257, -0.02156385550254012, -0.30834443540378004, 0.6867878658321408], [0.5870560018574513, -0.47987170458218775, -0.06415027427907373, -0.20451836855438865, 0.6157478193695047]], "dtype": "float64", "shape": [5, 5], "Corder": false}, {"__ndarray__": [[87.0, 0.0, 0.0, 0.0, 0.0], [0.0, 96.91954022988506, 0.0, 0.0, 0.0], [0.0, 0.0, 91.22201138519925, 0.0, 0.0], [0.0, 0.0, 0.0, -114.83034488496901, 0.0], [0.0, 0.0, 0.0, 0.0, 3.866491170674896]], "dtype": "float64", "shape": [5, 5], "Corder": true}, {"__ndarray__": [[1.0, 0.0, 0.0, 0.0, 0.0], [-0.26436781609195403, 1.0, 0.0, 0.0, 0.0], [0.9195402298850575, -0.11195445920303605, 1.0, 0.0, 0.0], [-0.21839080459770116, -0.020872865275142316, 0.20000416025294337, 1.0, 0.0], [-0.1839080459770115, -0.04364326375711575, -0.04122810666888547, -0.9119349954731163, 1.0]], "dtype": "float64", "shape": [5, 5], "Corder": true}, "+"], [{"__ndarray__": [[782.4745610731069, 0.0, 0.0, 0.0, 0.0, 0.0, 0.0, 0.0, 0.0], [0.0, 759.3018835981213, 0.0, 0.0, 0.0, 0.0, 0.0, 0.0, 0.0], [0.0, 0.0, 405.387382067645, 0.0, 0.0, 0.0, 0.0, 0.0, 0.0], [0.0, 0.0, 0.0, 244.66910987271095, 0.0, 0.0, 0.0, 0.0, 0.0], [0.0, 0.0, 0.0, 0.0, 224.22289700973778, 0.0, 0.0, 0.0, 0.0], [0.0, 0.0, 0.0, 0.0, 0.0, 141.02155529634166, 0.0, 0.0, 0.0], [0.0, 0.0, 0.0, 0.0, 0.0, 0.0, 74.53861074228891, 0.0, 0.0], [0.0, 0.0, 0.0, 0.0, 0.0, 0.0, 0.0, 36.43669241148802, 0.0], [0.0, 0.0, 0.0, 0.0, 0.0, 0.0, 0.0, 0.0, 21.947307928559145]], "dtype": "float64", "shape": [9, 9], "Corder": true}, {"__ndarray__": [[0.25708712217874663, 0.14869906509244443, 0.5062253519120136, 0.04442681176702354, 0.3269013138936433, 0.41607409139000745, 0.6091861143370548, 0.0485298959624524, 0.010581109282218807], [0.0344243884786124, -0.5251543239568536, -0.07456504506298972, -0.2965892699335286, 0.702925222919437, -0.26019433364717626, -0.011779818188385194, 0.06488763043334539, 0.2516915325236434], [0.4116402561853794, -0.45950416847268566, -0.32843649282489534, -0.15317335167678636, -0.20461203180868795, 0.09248625743674946, 0.2863284754557931, -0.08672813383666184, -0.5900424194324325], [-0.06955969627133761, 0.5242502428393023, -0.44508475500091216, -0.6361616945227064, 0.03632480628480257, -0.0318974311304061, 0.3090584418740273, 0.12112840182804188, 0.0706742027757261], [0.08954458188887059, 0.16649450559054174, 0.5177243932617709, -0.5142910748004224, 0.08815688396861521, -0.10755281057355265, -0.4226277328233214, -0.18319447019657545, -0.4474526039141521], [0.49964788213632094, -0.08113123085676494, 0.2032536235969448, -0.16989746845242068, -0.36195066189847186, -0.157630658160829, -0.1023680684494073, 0.6464958609064141, 0.2988322377461625], [-0.4269737256736889, -0.11548785525482509, -0.05593088116025495, -0.02901136169313988, 0.1456607958801897, 0.46765820863915547, -0.1862109716457465, 0.6448363799852078, -0.33162677790040174], [-0.1630878520659566, -0.3366258817990478, 0.08787249963324494, -0.41421780019415105, -0.3287723269128965, 0.5467121624291962, -0.07153717869000646, -0.30762050117080225, 0.4171978353908604], [0.5402448269570723, 0.23486591938527998, -0.3346708168338833, 0.1269597637195609, 0.2962395291074298, 0.44226314019419166, -0.47155793042457345, -0.09632831314665768, 0.09924525264836764]], "dtype": "float64", "shape": [9, 9], "Corder": false}, {"__ndarray__": [[249.0, 0.0, 0.0, 0.0, 0.0, 0.0, 0.0, 0.0, 0.0], [0.0, 351.08032128514054, 0.0, 0.0, 0.0, 0.0, 0.0, 0.0, 0.0], [0.0, 0.0, 278.7134261430581, 0.0, 0.0, 0.0, 0.0, 0.0, 0.0], [0.0, 0.0, 0.0, 321.13335884002396, 0.0, 0.0, 0.0, 0.0, 0.0], [0.0, 0.0, 0.0, 0.0, 146.59799031274767, 0.0, 0.0, 0.0, 0.0], [0.0, 0.0, 0.0, 0.0, 0.0, 78.68739663824947, 0.0, 0.0, 0.0], [0.0, 0.0, 0.0, 0.0, 0.0, 0.0, 89.5173730444914, 0.0, 0.0], [0.0, 0.0, 0.0, 0.0, 0.0, 0.0, 0.0, 85.95928734292558, 0.0], [0.0, 0.0, 0.0, 0.0, 0.0, 0.0, 0.0, 0.0, 159.9258086784282]], "dtype": "float64", "shape": [9, 9], "Corder": true}, {"__ndarray__": [[1.0, 0.0, 0.0, 0.0, 0.0, 0.0, 0.0, 0.0, 0.0], [-0.14056224899598393, 1.0, 0.0, 0.0, 0.0, 0.0, 0.0, 0.0, 0.0], [-0.14056224899598393, 0.48729681190587865, 1.0, 0.0, 0.0, 0.0, 0.0, 0.0, 0.0], [-0.15261044176706826, -0.42537663437010265, -0.1850208470407512, 1.0, 0.0, 0.0, 0.0, 0.0, 0.0], [0.4738955823293172, -0.029661744014459104, -0.2344311676218474, 0.12296825441991795, 1.0, 0.0, 0.0, 0.0, 0.0], [0.36947791164658633, 0.04822750203045105, 0.6446799239346815, -0.051420247268380646, 0.5529215691487417, 1.0, 0.0, 0.0, 0.0], [-0.321285140562249, 0.09329779567370938, -0.4241144691682679, -0.09698856235619323, -0.2523775691814467, -0.60950930869602, 1.0, 0.0, 0.0], [-0.21285140562248994, 0.22658689758519315, 0.1391595736956958, -0.15904110573116653, 0.3059321215471707, -0.5678508879854447, 0.8057699433983498, 1.0, 0.0], [0.37751004016064255, -0.09623766000526203, 0.5119136999371514, 0.37483299376474694, -0.21761717971304495, 0.39074071055583004, -0.39960981906778653, -0.6282492046664131, 1.0]], "dtype": "float64", "shape": [9, 9], "Corder": true}, "+"], [{"__ndarray__": [[915.5152038627175, 0.0, 0.0, 0.0, 0.0, 0.0, 0.0, 0.0, 0.0], [0.0, 651.3026327746753, 0.0, 0.0, 0.0, 0.0, 0.0, 0.0, 0.0], [0.0, 0.0, 514.6545956614937, 0.0, 0.0, 0.0, 0.0, 0.0, 0.0], [0.0, 0.0, 0.0, 382.3889842780702, 0.0, 0.0, 0.0, 0.0, 0.0], [0.0, 0.0, 0.0, 0.0, 217.44236264434088, 0.0, 0.0, 0.0, 0.0], [0.0, 0.0, 0.0, 0.0, 0.0, 72.50998161829929, 0.0, 0.0, 0.0], [0.0, 0.0, 0.0, 0.0, 0.0, 0.0, 65.73154989030324, 0.0, 0.0], [0.0, 0.0, 0.0, 0.0, 0.0, 0.0, 0.0, 13.898448119662856, 0.0], [0.0, 0.0, 0.0, 0.0, 0.0, 0.0, 0.0, 0.0, 1.5562411504375206]], "dtype": "float64", "shape": [9, 9], "Corder": true}, {"__ndarray__": [[0.5979379857265003, 0.06659506480241643, 0.23563817496555986, 0.014914969526630966, 0.1968781686617264, 0.08259495188075983, 0.22234181889170287, 0.583025451586944, 0.38386189672095067], [0.00891334025785373, -0.3222510401150974, 0.633734095367231, 0.374547312248345, -0.020216388304391042, -0.5251998759834127, 0.0017715509265400498, -0.2452611542549158, 0.13330582319838707], [-0.07244002170569944, -0.4105548182432489, 0.09772576148142798, 0.1592011376671588, 0.5120192093037943, 0.14926888636166502, -0.1737928920041801, 0.34397227938946623, -0.598611801044376], [-0.13930104123943085, 0.28883223401276487, 0.48702927359345694, -0.08805438804005868, -0.5097112140851597, 0.12505965571162528, 0.3005994250824405, 0.26221918264113797, -0.46653587060264584], [-0.6546500491508914, -0.2267721895721786, 0.1050415729918487, -0.3597649373212657, 0.23062434155531358, -0.01587720083434423, 0.4019519579173699, 0.20447796751754743, 0.3503239313879775], [0.10500858363413924, -0.09548618054940322, 0.4464969282441368, -0.2026897567628141, 0.13351167050220034, 0.6954486574127219, -0.10787546531073115, -0.45835640558293, 0.12732254492769335], [-0.4020602942291553, 0.2812743912629344, 0.14612550071802022, 0.37597879524425404, -0.07879541551740088, 0.19506133482853666, -0.587628398541451, 0.32508423922039914, 0.3182373029314311], [-0.018271228476743326, 0.6323545943955423, 0.23134752570284042, -0.31627276357495704, 0.5282865951037309, -0.3324591082082967, -0.15221154540160717, -0.123025926190892, -0.13536680635595716], [0.12711637691451794, -0.31655835706610197, 0.10411690773795321, -0.6438096100625786, -0.28731984744726113, -0.21666366259533024, -0.5369534539349046, 0.20033842726339662, 0.018728434226024684]], "dtype": "float64", "shape": [9, 9], "Corder": false}, {"__ndarray__": [[376.0, 0.0, 0.0, 0.0, 0.0, 0.0, 0.0, 0.0, 0.0], [0.0, 338.1063829787234, 0.0, 0.0, 0.0, 0.0, 0.0, 0.0, 0.0], [0.0, 0.0, -140.80762695865585, 0.0, 0.0, 0.0, 0.0, 0.0, 0.0], [0.0, 0.0, 0.0, 119.68665885463452, 0.0, 0.0, 0.0, 0.0, 0.0], [0.0, 0.0, 0.0, 0.0, -79.33312704356479, 0.0, 0.0, 0.0, 0.0], [0.0, 0.0, 0.0, 0.0, 0.0, 68.61532738087988, 0.0, 0.0, 0.0], [0.0, 0.0, 0.0, 0.0, 0.0, 0.0, 108.7290022851586, 0.0, 0.0], [0.0, 0.0, 0.0, 0.0, 0.0, 0.0, 0.0, 20.33552102986099, 0.0], [0.0, 0.0, 0.0, 0.0, 0.0, 0.0, 0.0, 0.0, 102.00914238141277]], "dtype": "float64", "shape": [9, 9], "Corder": true}, {"__ndarray__": [[1.0, 0.0, 0.0, 0.0, 0.0, 0.0, 0.0, 0.0, 0.0], [0.1702127659574468, 1.0, 0.0, 0.0, 0.0, 0.0, 0.0, 0.0, 0.0], [-0.05319148936170213, 0.24963815996475994, 1.0, 0.0, 0.0, 0.0, 0.0, 0.0, 0.0], [-0.9042553191489362, 0.24214964445283496, -0.4011004775707976, 1.0, 0.0, 0.0, 0.0, 0.0, 0.0], [-0.5212765957446809, 0.19035932288716886, 0.3843399145681886, 0.07784818226100962, 1.0, 0.0, 0.0, 0.0, 0.0], [0.2952127659574468, 0.2753759989931408, -0.13770013863228653, 0.757735932599353, 0.6931380598663113, 1.0, 0.0, 0.0, 0.0], [0.1622340425531915, -0.30281291296960544, 0.5300026948829402, 0.22286477113829387, -0.2776142885658506, -0.23241943474646717, 1.0, 0.0, 0.0], [-0.05851063829787234, 0.39852746837832737, -0.9730531817048285, 0.773640146180083, 0.8153823819932657, 0.28914752519152576, -0.3405094372363405, 1.0, 0.0], [0.11968085106382978, 0.03058334906550878, -0.0959609603972874, 0.12390679323716074, -0.6854115802715082, 0.6289137401245805, 0.09289981726164272, 0.20477713052396523, 1.0]], "dtype": "float64", "shape": [9, 9], "Corder": true}, "+"], [{"__ndarray__": [[1125.674265296971, 0.0, 0.0, 0.0, 0.0, 0.0, 0.0, 0.0, 0.0], [0.0, 850.3987178546308, 0.0, 0.0, 0.0, 0.0, 0.0, 0.0, 0.0], [0.0, 0.0, 367.33445660212874, 0.0, 0.0, 0.0, 0.0, 0.0, 0.0], [0.0, 0.0, 0.0, 308.1848893200719, 0.0, 0.0, 0.0, 0.0, 0.0], [0.0, 0.0, 0.0, 0.0, 211.9839850559945, 0.0, 0.0, 0.0, 0.0], [0.0, 0.0, 0.0, 0.0, 0.0, 84.8206386282099, 0.0, 0.0, 0.0], [0.0, 0.0, 0.0, 0.0, 0.0, 0.0, 42.99514604557296, 0.0, 0.0], [0.0, 0.0, 0.0, 0.0, 0.0, 0.0, 0.0, 12.010406574998864, 0.0], [0.0, 0.0, 0.0, 0.0, 0.0, 0.0, 0.0, 0.0, 0.5974946214203969]], "dtype": "float64", "shape": [9, 9], "Corder": true}, {"__ndarray__": [[0.2432112052035319, 0.42296222794908434, 0.1512903729445587, 0.24836363261547384, 0.1931999912676241, 0.5997290304965567, 0.10325968859154253, 0.3996168179425577, 0.33169365583837573], [-0.038330167194006504, 0.07078712882878091, -0.2762800820798796, -0.5031120543492292, 0.6517523839045231, 0.0060248088958952395, -0.39967094925844787, -0.07968933182967522, 0.27048628829096016], [-0.059471007725880654, -0.23813629998397695, 0.45791645842286355, -0.6041378447401542, -0.21742802259681368, 0.2638101390103125, -0.1692929855601564, 0.41839524758949537, -0.21094750747009358], [0.39873193839811244, -0.34439242199861825, -0.38328918104218984, -0.13912536907532494, -0.33112938970167966, 0.5341137693607919, -0.03240741866798401, -0.3811039286141046, 0.12217037207132263], [0.5939153541727411, -0.31971517315361236, -0.164631045097246, -0.050736193087575515, 0.04325562989306549, -0.4426604344121235, 0.17564418561229356, 0.4904033136946831, 0.21495026890163377], [-0.4073592357855261, -0.07996890836904083, 0.0918047476946753, -0.12784281064904968, -0.3245431543931189, -0.10727652438679687, 0.14686915348979843, -0.01920506668318159, 0.8149329028818889], [0.21177372607876008, 0.44268191828477405, 0.07883888623082944, -0.5114134817004036, -0.007812003626184668, -0.09107115302864799, 0.6358088611851271, -0.27029909352561976, -0.07586698018546316], [-0.40171411897633313, -0.4337874788328512, -0.24854761256980598, 0.015306094158958006, 0.36171199983473423, 0.26385109308371835, 0.5812113021030791, 0.17898548304261036, -0.13471691286577556], [0.22793816956263266, -0.38474072126766634, 0.6638218749757637, 0.14198377262180104, 0.3779881862021799, 0.006900469412518254, 0.07354793978171437, -0.4095113842491136, 0.15221148513935695]], "dtype": "float64", "shape": [9, 9], "Corder": false}, {"__ndarray__": [[287.0, 0.0, 0.0, 0.0, 0.0, 0.0, 0.0, 0.0, 0.0], [0.0, 208.3170731707317, 0.0, 0.0, 0.0, 0.0, 0.0, 0.0, 0.0], [0.0, 0.0, 213.2779032231087, 0.0, 0.0, 0.0, 0.0, 0.0, 0.0], [0.0, 0.0, 0.0, 380.83451428981925, 0.0, 0.0, 0.0, 0.0, 0.0], [0.0, 0.0, 0.0, 0.0, 173.44386154564995, 0.0, 0.0, 0.0, 0.0], [0.0, 0.0, 0.0, 0.0, 0.0, -23.65290975890535, 0.0, 0.0, 0.0], [0.0, 0.0, 0.0, 0.0, 0.0, 0.0, -80.49956030602554, 0.0, 0.0], [0.0, 0.0, 0.0, 0.0, 0.0, 0.0, 0.0, 77.96976635860514, 0.0], [0.0, 0.0, 0.0, 0.0, 0.0, 0.0, 0.0, 0.0, 4.808082335227722]], "dtype": "float64", "shape": [9, 9], "Corder": true}, {"__ndarray__": [[1.0, 0.0, 0.0, 0.0, 0.0, 0.0, 0.0, 0.0, 0.0], [-0.04878048780487805, 1.0, 0.0, 0.0, 0.0, 0.0, 0.0, 0.0, 0.0], [-0.4076655052264808, 0.011005737033134295, 1.0, 0.0, 0.0, 0.0, 0.0, 0.0, 0.0], [-0.12195121951219512, -0.11380400421496312, 0.07498490735728885, 1.0, 0.0, 0.0, 0.0, 0.0, 0.0], [0.059233449477351915, -0.08242594543964407, 0.014625472679297378, 0.9449909593844411, 1.0, 0.0, 0.0, 0.0, 0.0], [-0.04878048780487805, -0.34410490574874136, 0.5770949756596336, 0.1888106599343115, 0.8139259027564845, 1.0, 0.0, 0.0, 0.0], [-0.8606271777003485, 0.20138157124458494, -0.21171946647409987, -0.14694514960164623, -0.37688087333075193, 0.1223356224611188, 1.0, 0.0, 0.0], [0.6236933797909407, 0.4115443156539047, 0.32365558628545005, -0.001549812690920783, 0.15573862493494858, -0.8045153665946937, -0.6637062953615936, 1.0, 0.0], [-0.5679442508710801, -0.15337782461070135, 0.13082541110100143, -0.4584838309921945, -0.4634646972505636, -0.2775246145637733, 0.15827792945218655, 0.04469167530482627, 1.0]], "dtype": "float64", "shape": [9, 9], "Corder": true}, "+"], [{"__ndarray__": [[792.3223904147055, 0.0, 0.0, 0.0, 0.0, 0.0, 0.0], [0.0, 501.66110960610376, 0.0, 0.0, 0.0, 0.0, 0.0], [0.0, 0.0, 258.0704434432263, 0.0, 0.0, 0.0, 0.0], [0.0, 0.0, 0.0, 185.2315950050686, 0.0, 0.0, 0.0], [0.0, 0.0, 0.0, 0.0, 158.90444809105284, 0.0, 0.0], [0.0, 0.0, 0.0, 0.0, 0.0, 70.65845027084774, 0.0], [0.0, 0.0, 0.0, 0.0, 0.0, 0.0, 0.1515631689951866]], "dtype": "float64", "shape": [7, 7], "Corder": true}, {"__ndarray__": [[0.45172005460356357, 0.598930322099727, 0.0992730628843226, 0.19912123738439474, 0.29584602024559303, 0.45395903834726214, 0.3067953343097253], [0.41550041946978233, -0.15567279984077398, -0.022547661878359104, -0.07325046760518417, -0.05312079170513925, 0.40142866046359593, -0.7957917848260516], [-0.33912091450781023, 0.023278021094869438, 0.7173397598794476, 0.48827018064102223, 0.23238802301038297, -0.028651121844368552, -0.27685006528545075], [0.5231133205676709, -0.36840472828323456, 0.17297435313020124, -0.12611164421814242, 0.5777014674316641, -0.45136511150589154, 0.08565446291689928], [-0.42310876040296624, 0.2793059036485349, -0.03715499100598389, -0.6215124694522943, 0.5511735774542291, 0.10871314271900466, -0.19924378568091233], [-0.18276635406850095, -0.6343224011785685, -0.012433585544597675, 0.04128766385377073, 0.22117344613742373, 0.6355129067077504, 0.331025585233419], [0.1491083148862335, -0.020195101431894992, 0.666036723145593, -0.559187593600143, -0.4113394332204176, 0.11193600583185312, 0.19832646866069586]], "dtype": "float64", "shape": [7, 7], "Corder": false}, {"__ndarray__": [[380.0, 0.0, 0.0, 0.0, 0.0, 0.0, 0.0], [0.0, 158.47105263157894, 0.0, 0.0, 0.0, 0.0, 0.0], [0.0, 0.0, 206.44572311064616, 0.0, 0.0, 0.0, 0.0], [0.0, 0.0, 0.0, 149.46209481935864, 0.0, 0.0, 0.0], [0.0, 0.0, 0.0, 0.0, 130.86008995298263, 0.0, 0.0], [0.0, 0.0, 0.0, 0.0, 0.0, 138.33826330380816, 0.0], [0.0, 0.0, 0.0, 0.0, 0.0, 0.0, -0.9612569861755959]], "dtype": "float64", "shape": [7, 7], "Corder": true}, {"__ndarray__": [[1.0, 0.0, 0.0, 0.0, 0.0, 0.0, 0.0], [0.23421052631578948, 1.0, 0.0, 0.0, 0.0, 0.0, 0.0], [-0.17894736842105263, -0.6783241169730484, 1.0, 0.0, 0.0, 0.0, 0.0], [-0.1631578947368421, -0.8595625965226921, -0.05367249157513835, 1.0, 0.0, 0.0, 0.0], [0.07368421052631578, 0.3342466663345456, 0.2459744263874829, -0.60108192253831, 1.0, 0.0, 0.0], [-0.5894736842105263, 0.4370049319982065, 0.2302320109749432, -0.6066990336138712, 0.975591058917987, 1.0, 0.0], [0.2868421052631579, 0.8249721848585995, -0.17673575877647565, -0.6556233216737567, 0.6604272630403935, 0.4166365283574499, 1.0]], "dtype": "float64", "shape": [7, 7], "Corder": true}, "+"], [{"__ndarray__": [[246.8199487541424, 0.0, 0.0, 0.0], [0.0, 155.29449136188325, 0.0, 0.0], [0.0, 0.0, 62.072492857188344, 0.0], [0.0, 0.0, 0.0, 3.813067026785987]], "dtype": "float64", "shape": [4, 4], "Corder": true}, {"__ndarray__": [[0.4118151168300659, 0.20440028512528907, 0.8851544844129974, 0.07162661317206599], [0.401810296479195, 0.30312553366036343, -0.321830693053814, 0.8019279278681614], [-0.5172518916682276, -0.5348466155869401, 0.3165452230915488, 0.5883780248265205], [-0.6335671043853051, 0.7617575284032423, 0.11280809133206979, 0.07478319792452702]], "dtype": "float64", "shape": [4, 4], "Corder": false}, {"__ndarray__": [[97.0, 0.0, 0.0, 0.0], [0.0, -63.30927835051546, 0.0, 0.0], [0.0, 0.0, -23.04347826086957, 0.0], [0.0, 0.0, 0.0, 64.10956116175537]], "dtype": "float64", "shape": [4, 4], "Corder": true}, {"__ndarray__": [[1.0, 0.0, 0.0, 0.0], [-0.5360824742268041, 1.0, 0.0, 0.0], [-0.35051546391752575, 0.27536231884057977, 1.0, 0.0], [0.3402061855670103, -0.8177821201758672, -0.4509857960568159, 1.0]], "dtype": "float64", "shape": [4, 4], "Corder": true}, "+"], [{"__ndarray__": [[558.9591928004847, 0.0, 0.0, 0.0, 0.0, 0.0], [0.0, 351.4934133693255, 0.0, 0.0, 0.0, 0.0], [0.0, 0.0, 213.77648496796164, 0.0, 0.0, 0.0], [0.0, 0.0, 0.0, 78.18930097880614, 0.0, 0.0], [0.0, 0.0, 0.0, 0.0, 39.86474131229646, 0.0], [0.0, 0.0, 0.0, 0.0, 0.0, 10.716866571125488]], "dtype": "float64", "shape": [6, 6], "Corder": true}, {"__ndarray__": [[0.799629748092232, 0.03948298791639934, 0.012520381488011531, 0.08365009760575876, 0.30421559457507613, 0.5092466326510384], [0.13495608176179097, 0.34115569631370407, -0.6168072879157848, 0.1565435514909585, 0.44330545952410194, -0.5137341749240689], [-0.30379718314146137, -0.32550279175177793, -0.6448604067476404, 0.34297509098240647, -0.08286486546997748, 0.511284422726365], [-0.1651901433239615, 0.6260728465618874, -0.24148992718324525, -0.6031531692228486, -0.11138521926352356, 0.3823966655210078], [0.23875964941170286, 0.43938435445680546, -0.03349869643715607, 0.49296140276201117, -0.7081188337308154, -0.0661046814606055], [-0.4071761778864055, 0.43712240500364946, 0.3796149599748134, 0.4940244674771674, 0.4361508980724756, 0.2544332230928951]], "dtype": "float64", "shape": [6, 6], "Corder": false}, {"__ndarray__": [[365.0, 0.0, 0.0, 0.0, 0.0, 0.0], [0.0, 132.7013698630137, 0.0, 0.0, 0.0, 0.0], [0.0, 0.0, 120.22171525311751, 0.0, 0.0, 0.0], [0.0, 0.0, 0.0, 53.99092487299201, 0.0, 0.0], [0.0, 0.0, 0.0, 0.0, 68.93913026653534, 0.0], [0.0, 0.0, 0.0, 0.0, 0.0, 64.73267780903522]], "dtype": "float64", "shape": [6, 6], "Corder": true}, {"__ndarray__": [[1.0, 0.0, 0.0, 0.0, 0.0, 0.0], [0.18356164383561643, 1.0, 0.0, 0.0, 0.0, 0.0], [-0.3780821917808219, 0.36421256916343214, 1.0, 0.0, 0.0, 0.0], [-0.18904109589041096, 0.7209100668923941, -0.706447590519004, 1.0, 0.0, 0.0], [0.29315068493150687, 0.371954744404988, -0.4036071075357471, 0.11790087151009851, 1.0, 0.0], [-0.452054794520548, 0.10766785035923694, -0.7285481737348016, -0.24759256778459493, 0.38121606847884393, 1.0]], "dtype": "float64", "shape": [6, 6], "Corder": true}, "+"], [{"__ndarray__": [[409.11006684182803, 0.0, 0.0, 0.0, 0.0, 0.0], [0.0, 320.7863721958414, 0.0, 0.0, 0.0, 0.0], [0.0, 0.0, 154.91095862466705, 0.0, 0.0, 0.0], [0.0, 0.0, 0.0, 50.23054564938122, 0.0, 0.0], [0.0, 0.0, 0.0, 0.0, 14.772874890612021, 0.0], [0.0, 0.0, 0.0, 0.0, 0.0, 6.189181797670438]], "dtype": "float64", "shape": [6, 6], "Corder": true}, {"__ndarray__": [[0.42633953556221554, 0.5042443703110681, 0.43453490179717, 0.06755990259184623, 0.5177241563283975, 0.32023271547757576], [0.015744803195433144, 0.4166693861121083, 0.46825621379800736, -0.30803793558852705, -0.7081377350972274, -0.10260809158433037], [0.43085682246786255, 0.29321619299284823, -0.6815334531388558, -0.027836412895069405, -0.31509715287618395, 0.4047687405405252], [0.46691928560029, 0.14598169824042603, -0.1943533465153677, -0.1793223406471444, 0.16382981809837188, -0.8148041421460237], [-0.17812062619222532, -0.029688710036720876, -0.11137040355995169, -0.9195045116769847, 0.27916480193866827, 0.17767026368065245], [0.6185535735740543, -0.6811434695631535, 0.27794082017846367, -0.1487560925400145, -0.16261375832056527, 0.16616961667479022]], "dtype": "float64", "shape": [6, 6], "Corder": false}, {"__ndarray__": [[190.0, 0.0, 0.0, 0.0, 0.0, 0.0], [0.0, -70.5, 0.0, 0.0, 0.0, 0.0], [0.0, 0.0, 141.87308697275103, 0.0, 0.0, 0.0], [0.0, 0.0, 0.0, 27.692663084945718, 0.0, 0.0], [0.0, 0.0, 0.0, 0.0, 40.98565295364382, 0.0], [0.0, 0.0, 0.0, 0.0, 0.0, -43.28775434002246]], "dtype": "float64", "shape": [6, 6], "Corder": true}, {"__ndarray__": [[1.0, 0.0, 0.0, 0.0, 0.0, 0.0], [0.07894736842105263, 1.0, 0.0, 0.0, 0.0, 0.0], [0.39473684210526316, 0.5886524822695035, 1.0, 0.0, 0.0, 0.0], [0.5, -0.7730496453900709, -0.23214708559821928, 1.0, 0.0, 0.0], [-0.23157894736842105, -0.2836879432624113, -0.010492583101363407, 0.6335659015187303, 1.0, 0.0], [0.4789473684210526, 0.5035460992907801, 0.5110214219186588, 0.36685323806132475, 0.1737666597918236, 1.0]], "dtype": "float64", "shape": [6, 6], "Corder": true}, "+"], [{"__ndarray__": [[424.65936429843885, 0.0, 0.0, 0.0, 0.0, 0.0], [0.0, 395.23347816721997, 0.0, 0.0, 0.0, 0.0], [0.0, 0.0, 258.30887087381234, 0.0, 0.0, 0.0], [0.0, 0.0, 0.0, 73.89421837886745, 0.0, 0.0], [0.0, 0.0, 0.0, 0.0, 47.528440658711936, 0.0], [0.0, 0.0, 0.0, 0.0, 0.0, 0.3756276229495112]], "dtype": "float64", "shape": [6, 6], "Corder": true}, {"__ndarray__": [[0.28288138963077636, 0.5403309075343624, 0.023599861334774486, 0.6565924390293563, 0.10821277246242464, 0.4296976159977031], [-0.020677385883349497, 0.12300086336701288, 0.6483658493043374, 0.21739420330190568, -0.6274717275067794, -0.35083322295679753], [-0.08173571081255657, -0.03356823113292935, -0.7155718312715014, 0.4185927057113232, -0.3681282019931398, -0.41159588840256267], [-0.5255274647563756, 0.5046924943631753, -0.1816192216923787, -0.3609722755310611, -0.4062596838561593, 0.37519716657124247], [0.7966881705644484, 0.10435775152029786, -0.18428744062798366, -0.41047842063196743, -0.3819502226448716, 0.07782706100134217], [0.04448237135053813, 0.652825717679514, -0.008621126970261529, -0.21820347980474056, 0.384860949756634, -0.6132168196474613]], "dtype": "float64", "shape": [6, 6], "Corder": false}, {"__ndarray__": [[182.0, 0.0, 0.0, 0.0, 0.0, 0.0], [0.0, 130.26923076923077, 0.0, 0.0, 0.0, 0.0], [0.0, 0.0, 74.42127462145179, 0.0, 0.0, 0.0], [0.0, 0.0, 0.0, 217.47076886107547, 0.0, 0.0], [0.0, 0.0, 0.0, 0.0, 149.93776609963928, 0.0], [0.0, 0.0, 0.0, 0.0, 0.0, 0.9941067705091188]], "dtype": "float64", "shape": [6, 6], "Corder": true}, {"__ndarray__": [[1.0, 0.0, 0.0, 0.0, 0.0, 0.0], [0.19230769230769232, 1.0, 0.0, 0.0, 0.0, 0.0], [-0.016483516483516484, -0.7862415116622379, 1.0, 0.0, 0.0, 0.0], [0.13186813186813187, 0.0029524653085326235, 0.5602968397022534, 1.0, 0.0, 0.0], [0.521978021978022, -0.35518157661647476, -0.4812179858471798, -0.5624895469884215, 1.0, 0.0], [0.7472527472527473, -0.08562149394744611, -0.3833293472088249, 0.5383846990135192, 0.1279141135302821, 1.0]], "dtype": "float64", "shape": [6, 6], "Corder": true}, "+"], [{"__ndarray__": [[220.3244963955711, 0.0, 0.0